I462.libquantum :
 CFLAGS="-O3" 117 120 121 121 121 121 121 121 121 121
 CFLAGS="-O2" 118 119 119 122 119 119 120 120 120 119
 CFLAGS="-O1" 143 143 143 144 146 144 146 144 150 144
 CFLAGS="-O0" 354 355 356 354 354 354 355 355 353 349
h263enc :
 CFLAGS="-O3" 194 193 193 193 194 194 192 214 192 191
 CFLAGS="-O2" 187 186 186 186 186 186 186 186 186 186
 CFLAGS="-O1" 192 194 193 190 189 227 188 240 189 188
 CFLAGS="-O0" 192 191 188 192 188 213 193 196 195 194
464.h264ref :
 CFLAGS="-O3" 1056 1062 1049 1027 1107 1063 1066 1067 1037 1061
 CFLAGS="-O2" 1090 1113 1056 1063 1060 1088 1086 1084 1127 1078
 CFLAGS="-O1" 1154 1161 1162 1133 1153 1158 1161 1171 1164 1162
 CFLAGS="-O0" 3787 3608 3565 3517 3554 3563 3577 3473 3505 3594
401.bzip2 :
 CFLAGS="-O3" 381 382 381 387 380 382 422 356 374 365
 CFLAGS="-O2" 373 374 371 375 372 372 371 372 367 371
 CFLAGS="-O1" 420 416 430 423 428 430 424 425 424 424
 CFLAGS="-O0" 790 790 807 720 785 780 718 781 785 786
433.milc :
 CFLAGS="-O3" 1444 1465 1479 1399 1549 1381 1357 2175 1419 1470
 CFLAGS="-O2" 1442 1433 1457 1420 1443 2200 1419 1381 1524 1502
 CFLAGS="-O1" 1564 1559 1571 1563 1568 1528 1409 1527 1489 1491
 CFLAGS="-O0" 4035 3232 3218 3208 3220 3227 3147 4222 3225 3245
429.mcf :
 CFLAGS="-O3" 220 232 231 230 230 235 224 228 228 225
 CFLAGS="-O2" 235 235 233 233 234 230 234 235 233 233
 CFLAGS="-O1" 243 242 237 237 249 252 247 237 284 248
 CFLAGS="-O0" 371 422 337 337 356 359 356 357 358 361
mpeg2enc :
 CFLAGS="-O3" 801 794 789 821 792 823 798 793 1070 791
 CFLAGS="-O2" 808 807 792 799 788 801 806 829 808 793
 CFLAGS="-O1" 828 796 804 808 806 808 807 796 788 819
 CFLAGS="-O0" 805 804 875 836 809 809 793 807 797 803
470.lbm :
 CFLAGS="-O3" 244 250 248 246 245 245 247 246 247 246
 CFLAGS="-O2" 245 243 250 244 247 244 251 244 247 248
 CFLAGS="-O1" 248 247 305 253 251 252 251 253 247 319
 CFLAGS="-O0" 308 308 310 312 308 310 314 308 311 311
458.sjeng :
 CFLAGS="-O3" 336 335 336 329 348 338 333 333 332 327
 CFLAGS="-O2" 350 346 349 345 353 352 357 358 358 383
 CFLAGS="-O1" 383 382 369 375 373 372 374 369 371 371
 CFLAGS="-O0" 589 580 575 594 575 571 606 607 576 575
mpeg2dec :
 CFLAGS="-O3" 23 25 22 22 77 101 91 27 95 30
 CFLAGS="-O2" 23 24 23 23 23 23 23 23 23 27
 CFLAGS="-O1" 23 23 23 23 23 23 94 102 121 44
 CFLAGS="-O0" 22 25 23 23 22 23 23 22 27 22
456.hmmer :
 CFLAGS="-O3" 224 224 229 230 225 224 224 225 225 227
 CFLAGS="-O2" 238 239 238 238 237 239 250 235 239 235
 CFLAGS="-O1" 258 259 262 262 258 259 259 258 260 259
 CFLAGS="-O0" 810 809 813 806 810 812 819 824 818 832
h263dec :
 CFLAGS="-O3" 12 14 14 12 11 11 11 17 21 21
 CFLAGS="-O2" 13 13 12 11 11 12 11 12 11 12
 CFLAGS="-O1" 12 11 12 11 12 12 11 12 11 12
 CFLAGS="-O0" 12 13 12 12 13 11 12 12 11 12
445.gobmk :
 CFLAGS="-O3" 1512 1544 1532 1529 1522 1551 1610 1531 1487 1531
 CFLAGS="-O2" 1526 1455 1483 1532 1528 1563 1539 1562 1558 1565
 CFLAGS="-O1" 1615 1685 1736 1686 1687 1717 1653 1588 1590 1630
 CFLAGS="-O0" 2737 2849 2811 2843 2779 3016 2801 2888 2697 2863
